lat: 26.7487259482772    665948.1756416045
lon: 106.668773828569    2959692.7185331397
alt: 1262.3080541566  
